325.5717654698253 100
326.129066271919 99
322.7277032373055 98
319.2492736587136 97
315.67391410897835 96
312.05066542780594 95
308.36518075663867 94
304.61487672306765 93
300.78658254262405 92
296.9333342037581 91
296.16990680309806 90
292.1068257792901 89
287.9939126433938 88
283.84789095086285 87
282.52422353076463 86
278.2113031500545 85
276.6237006298409 84
272.1581288626259 83
267.6580933424122 82
265.69216859133445 81
261.0686246307138 80
258.8532000484002 79
256.4850616014338 78
251.66328570552037 77
249.08452285138483 76
246.35581083944467 75
243.51751902873636 74
238.44491437950427 73
235.39826856154946 72
232.2426339915625 71
228.97157224771703 70
225.5899370060894 69
223.93342677555174 68
220.28781337642272 67
216.56712220778945 66
212.74983262977963 65
210.4493111218088 64
206.4271619900786 63
203.8241164681884 62
199.60668750570576 61
head speed satifying condition At 61 cm/s
